rot:
  max: 129.69815190105217
  mean: 112.3924895364685
  median: 111.32802541689769
  min: 106.27360437693495
  num_samples: 2731
  rmse: 112.51581736324651
  std: 5.266635806115865
scale:
  max: 0.2983650205743871
  mean: 0.18891145808638435
  median: 0.21234555193184734
  min: 8.468086385438056e-05
  num_samples: 2731
  rmse: 0.20879338618934798
  std: 0.08892209579227468
trans:
  max: 14.78723299810361
  mean: 6.88367620815721
  median: 7.3261074687832695
  min: 0.9110954163499655
  num_samples: 2731
  rmse: 7.705393735332863
  std: 3.462382774587078
