rot:
  max: 18.89596123942284
  mean: 5.444816989323872
  median: 5.157739761960126
  min: 0.38397012051696633
  num_samples: 4812
  rmse: 5.9424329245765595
  std: 2.380436307877539
scale:
  max: 0.024158209672653363
  mean: 0.007210459678280949
  median: 0.006583208774146865
  min: 4.5021388839217025e-07
  num_samples: 4812
  rmse: 0.008830801272465121
  std: 0.005098266601665331
trans:
  max: 0.7088563746250196
  mean: 0.30388504007189515
  median: 0.302612568844269
  min: 0.08040354102876549
  num_samples: 4812
  rmse: 0.3159321775565758
  std: 0.08641193919906208
