rot:
  max: 18.895698647869516
  mean: 5.44436938203663
  median: 5.156930726898312
  min: 0.38384009419284304
  num_samples: 4815
  rmse: 5.9420013589723615
  std: 2.3803827805568303
scale:
  max: 0.02416859432334828
  mean: 0.007212043676290287
  median: 0.0065870009406832075
  min: 2.3629142309467e-06
  num_samples: 4815
  rmse: 0.008833618187014902
  std: 0.005100905437786677
trans:
  max: 0.7085622441361822
  mean: 0.3039669259529686
  median: 0.30281440895508005
  min: 0.0806309408504674
  num_samples: 4815
  rmse: 0.3160102944253862
  std: 0.08640957186285417
