rot:
  max: 122.08339884560836
  mean: 107.33902142891077
  median: 106.88689815054263
  min: 96.11068743418522
  num_samples: 2914
  rmse: 107.60159459434888
  std: 7.512498780728121
scale:
  max: 0.6718218349335281
  mean: 0.2696432864324461
  median: 0.2768554651921551
  min: 5.6736552789260486e-05
  num_samples: 2914
  rmse: 0.30947194491336755
  std: 0.15187291651368334
trans:
  max: 25.349631635522293
  mean: 10.290044294712894
  median: 10.552490988560265
  min: 0.7643641715655766
  num_samples: 2914
  rmse: 11.771184912845978
  std: 5.71627349461687
