rot:
  max: 167.34120181410597
  mean: 107.94970004865016
  median: 115.4139091108116
  min: 47.26552883470543
  num_samples: 2731
  rmse: 112.45868524434327
  std: 31.52488138427696
scale:
  max: 0.12195637945662252
  mean: 0.022450117598056568
  median: 0.019083512111728318
  min: 2.8774192140090804e-05
  num_samples: 2731
  rmse: 0.02966099983505122
  std: 0.019384713850050493
trans:
  max: 4.797908232125273
  mean: 1.824677975698952
  median: 1.962321980181089
  min: 0.06769463179318118
  num_samples: 2731
  rmse: 2.0403726563284117
  std: 0.913055782354963
