rot:
  max: 179.72588030039782
  mean: 31.530119660622887
  median: 14.19000607145051
  min: 0.6812748651055354
  num_samples: 4802
  rmse: 48.740569799088235
  std: 37.168463763338316
scale:
  max: 0.9727148179859757
  mean: 0.03177535309287736
  median: 0.014440000835641564
  min: 9.123140243261219e-07
  num_samples: 4802
  rmse: 0.07519671977663352
  std: 0.06815330953804456
trans:
  max: 24.737483433432754
  mean: 1.2982667507535843
  median: 0.5715347625018062
  min: 0.024157113190314338
  num_samples: 4802
  rmse: 2.5246955885135405
  std: 2.165315510161848
